"";"tratamentos";"Ceriodaphnia";"Moina";"Dunhevedia";"Leydigia";"Ephemeroporus";"Cyclopoid";"Calanoid";"OstracodsA";"OstracodsB";"OstracodsC";"OstracodsD";"OstracodsE";"OstracodsF";"conchostraca";"Streptocephalus"
"1";"Control_1_ab_low_1";48,5;44,5;0;4,5;0,5;44;0;9,5;1,5;0,5;4,5;2;0;0;0
"2";"Control_2_ab_low_1";5;21;0;0;0;21;1,5;0;2;2;3;0;0;1;0,5
"3";"Control_3_ab_low_1";0;0;0;0;0;46;0;1;0;1;1,5;1;0;0,5;1
"4";"Control_4_ab_low_1";1,5;4,5;0;0;0;58;0;1;0;1;4,5;0;1;0,5;1,5
"5";"Control_5_ab_low_1";0;25;0;0;0;34,5;2;0;6;2;5,5;2;0;0,5;0
"6";"B_6_ab_low_1";3;37;0;0;0;50;0,5;1,5;0,5;2,5;2,5;0;0;2;1
"7";"B_7_ab_low_1";6;19,5;0,5;0;0;30;0;3,5;3;0,5;16;3;0,5;1;1,5
"8";"B_8_ab_low_1";6;35,5;0;2,5;0;36,5;0,5;1,5;2;3,5;5,5;0,5;0;1;1
"9";"B_9_ab_low_1";14;1;0;0;0;26,5;0,5;2,5;0,5;2,5;4,5;0;0,5;0;0,5
"10";"B_10_ab_low_1";94;100;0;2;0;119;0;1;4;3,5;7;0;1;0;0
"11";"E_11_ab_low_1";27;50,5;0;0;0;59,5;0,5;3,5;0;0,5;7,5;2,5;0;1;1
"12";"E_12_ab_low_1";18,5;20,5;0;0;0;41,5;0;0,5;0;1,5;5,5;0,5;1;0;0
"13";"E_13_ab_low_1";42,5;1;0;2;0;82;0;7;3,5;3;13,5;4,5;1,5;0,5;1
"14";"E_14_ab_low_1";30,5;2,5;0;0;0;30;0,5;4,5;3,5;6;0;0;0;0;0
"15";"E_15_ab_low_1";25;66,5;0;0,5;0;23,5;0;10;0;4,5;8,5;4;1;2;0,5
"16";"G_16_ab_low_1";5,5;10,5;0;0;0;9;0;19;1;0;0;0,5;0;0;0
"17";"G_17_ab_low_1";9,5;1;0;0;0;31;0;4;4;1;0;0;1;1;0
"18";"G_18_ab_low_1";5;10,5;0;0;0;37;0,5;4,5;2,5;2,5;10;0;0,5;0;0,5
"19";"G_19_ab_low_1";1,5;14;0;0;0;23,5;2;1;0;2,5;0;1;0,5;1;1
"20";"G_20_ab_low_1";6;0,5;0;2,5;0;28;1,5;3;5,5;2;9;0,5;0,5;0;1,5
"21";"I_21_ab_low_1";8;97,5;4;4;0;61,5;0,5;0;0,5;0,5;1,5;0,5;0;0,5;0,5
"22";"I_22_ab_low_1";19;55;0;0;0;21,5;0,5;1,5;1;1;11;0,5;0;0;0
"23";"I_23_ab_low_1";3,5;21;0;0;0;42,5;0;2;1,5;4;3;0;0;0;0,5
"24";"I_24_ab_low_1";9,5;14,5;0;1;0;68;0,5;6,5;0;1;3;0;3;1,5;0,5
"25";"Z_25_ab_low_1";8;7;0;0;0;18;0,5;0;0,5;3;6;0;0;0,5;2
"26";"Z_26_ab_low_1";60;11,5;0,5;4;0;67,5;0;10,5;12;2,5;11,5;3,5;3;2;0,5
"27";"Z_27_ab_low_1";76,5;86,5;0;3,5;0;61;0;0;0,5;4,5;16,5;0;1,5;0;0
"28";"Z_28_ab_low_1";68,5;13;0;0;0;3;0;2;0,5;2;3;1;0;1;0
"29";"Z_29_ab_low_1";16;25;0;0;0;21,5;2;6;1,5;0;0;0;0,5;1,5;0,5
